
Case   It S  Fixed Row    Amp1      Cen1      Sig1
model   0 x    111 Mod  1.000000  4.000000  0.004000

obs1g   3 4    011 Ini  1.100000  4.000000  0.004000
                   Fin  1.000000  4.000000  0.004000
obs1g   7 2    001 Ini  1.100000  4.004000  0.004000
                   Fin  1.000000  4.000000  0.004000
obs1g   8 2    000 Ini  1.100000  4.004000  0.005000
                   Fin  1.000000  4.000000  0.004000

obs1gn  2 1    011 Ini  1.100000  4.000000  0.004000
                   Fin  0.997265  4.000000  0.004000
                   Unc  0.003046  0.000000  0.000000
obs1gn  6 3    001 Ini  1.100000  4.004000  0.004000
                   Fin  0.997283  3.999966  0.004000
                   Unc  0.003046  0.000017  0.000000
obs1gn  8 1    000 Ini  1.100000  4.004000  0.005000
                   Fin  0.996678  3.999966  0.004005
                   Unc  0.003729  0.000017  0.000017
                   Cor  1.000000  0.000000 -0.577350
                   Cor  0.000000  1.000000 -0.000000
                   Cor -0.577350 -0.000000  1.000000

Case   It S  Fixed Row    Amp1      Cen1      Sig1      Amp2      Cen2      Sig2
model   0 x 111111 Mod  1.000000  4.000000  0.004000  0.300000  4.008000  0.006000

obs2g   3 4 011011 Ini  1.100000  4.000000  0.004000  0.400000  4.008000  0.006000
                   Fin  1.000000  4.000000  0.004000  0.300000  4.008000  0.006000
obs2g   8 2 001001 Ini  1.100000  4.004000  0.004000  0.400000  4.012000  0.006000
                   Fin  1.000000  4.000000  0.004000  0.300000  4.008000  0.006000
obs2g  11 2 000000 Ini  1.100000  4.004000  0.005000  0.400000  4.012000  0.007000
                   Fin  1.000000  4.000000  0.004000  0.300000  4.008000  0.006000

obs2gn  3 1 011011 Ini  1.100000  4.000000  0.004000  0.400000  4.008000  0.006000
                   Fin  1.003839  4.000000  0.004000  0.296522  4.008000  0.006000
                   Unc  0.003565  0.000000  0.000000  0.002911  0.000000  0.000000
obs2gn  8 1 001001 Ini  1.100000  4.004000  0.004000  0.400000  4.012000  0.006000
                   Fin  1.013680  4.000058  0.004000  0.288580  4.008168  0.006000
                   Unc  0.007693  0.000026  0.000000  0.005163  0.000153  0.000000
obs2gn 10 1 000000 Ini  1.100000  4.004000  0.005000  0.400000  4.012000  0.007000
                   Fin  0.921955  3.999957  0.003845  0.338331  4.006485  0.006641
                   Unc  0.037142  0.000035  0.000068  0.021358  0.000620  0.000234
                   Cor  1.000000  0.360364  0.925613 -0.961421  0.992756 -0.907453
                   Cor  0.360364  1.000000  0.468183 -0.544948  0.352574 -0.039426
                   Cor  0.925613  0.468183  1.000000 -0.958959  0.937908 -0.812873
                   Cor -0.961421 -0.544948 -0.958959  1.000000 -0.959478  0.790299
                   Cor  0.992756  0.352574  0.937908 -0.959478  1.000000 -0.905409
                   Cor -0.907453 -0.039426 -0.812873  0.790299 -0.905409  1.000000
